1236
2970
851
822
6796
6400
1902
7449
5258
9018
7355
5604
5305
2485
4438
832
7886
7727
7966
4171
1434
1032
9343
6306
8938
8060
4083
9341
6093
7642
2996
7438
9081
3317
1542
7974
5397
5005
6382
2038
4115
7170
1277
3647
9825
3383
190
6548
5024
4161
7475
4283
9811
3450
7816
8536
3204
2544
5140
3253
466
3664
2522
4971
7519
405
5884
7754
9342
7634
3534
253
6109
4478
3769
3954
871
8179
8203
6848
1877
2910
1392
8808
9620
3862
2493
9118
8835
8583
1345
3469
6228
6806
829
7615
151
947
7720
8572
4474
8727
4257
5125
6208
2752
1527
3434
1579
1677
8501
842
6840
8255
2605
5501
460
4699
7862
4348
4836
1033
5073
8114
6719
9966
4305
6191
1269
3486
5010
9128
1754
6988
8347
4969
4893
3895
2900
1483
9836
8224
7522
9936
9011
4703
4016
3183
2860
8708
3154
7512
513
9181
675
4412
5914
7013
3639
7618
9429
7324
8396
4313
3459
8588
5212
1691
8010
2252
313
714
4423
6513
2492
1657
7380
6970
4623
7143
2285
4542
8061
2312
28
476
6511
5173
4486
1819
9942
5377
6978
8037
2276
2819
4109
6131
5434
19
561
6649
9761
3723
9231
2350
6569
248
2248
9397
5593
2263
4291
7889
7844
8146
5225
1356
3981
8215
5222
1763
7851
9355
6990
2235
5644
7481
2552
9624
4316
1539
5482
5727
3641
104
4311
5571
3734
6144
887
7063
3618
8600
574
7042
578
9887
7188
242
740
9835
5396
3187
3324
4577
6399
3755
9134
837
3528
5724
6315
6720
5899
7453
526
6794
4390
3046
6267
6459
3230
1660
2219
6737
1208
94
7741
2641
2430
2941
122
7067
6963
6104
5384
4194
6481
1568
354
4800
9187
3189
8778
739
1870
8653
9486
788
9425
3022
1984
5274
3500
585
4980
963
8487
6085
2238
5945
8779
8685
7781
5566
7596
4545
1309
7801
4647
8276
2599
2433
1626
6789
9736
4205
3042
5580
7414
4889
7749
4323
6500
2765
1101
4228
2418
9003
3039
3810
4773
5488
3468
4022
9271
7238
1245
2406
3118
2473
6377
6542
1506
2751
5752
9057
2550
6573
4091
7796
4890
6583
6693
9534
6473
126
8622
9729
7912
5015
5257
1009
1120
8312
4482
5511
5809
1762
9482
8724
6539
4837
4994
5650
7940
2843
8223
2863
3084
3079
4881
3816
1067
4249
9479
4909
8268
4789
1853
9182
7286
7499
898
835
490
7759
1252
5353
9396
1355
451
1582
813
3952
7222
7387
2415
5051
1841
5132
3940
6551
3254
5674
3691
482
2425
7151
2757
3262
1704
227
7267
3686
9580
2657
4765
2571
1117
2084
298
4353
5850
7409
2735
3515
4659
2718
7014
6467
2801
3966
1473
6958
2515
5308
957
5040
9202
3125
5369
201
7175
6930
9921
793
8101
1645
5665
8773
6049
8234
9036
1485
8128
8211
8178
216
4469
7586
8085
9392
7755
4020
8899
1365
1289
1088
1135
1576
5402
3045
8131
9832
6651
6664
6326
180
